Level
NaN
NaN
NaN
NaN
NaN
-0.578195076621499
NaN
-0.983825661933584
NaN
0.715588811429255
2.37350249335592
NaN
-0.930990152991013
NaN
NaN
0.825174266971919
NaN
NaN
-0.778144280169163
NaN
NaN
NaN
NaN
-0.0726208155410681
NaN
-0.161667577753697
NaN
NaN
NaN
NaN
1.26175173917929
NaN
NaN
-0.0289625820818331
NaN
NaN
-0.565130001873793
0.545909995748675
0.598406739164864
0.36035550820307
0.0743306971232918
NaN
NaN
NaN
1.0239657702707
NaN
NaN
-0.583806770074909
-0.486112144326283
NaN
NaN
0.128694505295506
NaN
NaN
NaN
NaN
NaN
NaN
NaN
NaN
-0.74169398027739
NaN
NaN
0.213765173144122
NaN
NaN
0.479854682075478
NaN
-0.369982173936941
NaN
-0.0896352677716406
1.42519475950261
NaN
NaN
NaN
1.02891026836669
NaN
-0.137637453290128
0.788399832692685
0.102507794376153
0.0713448705469525
NaN
0.23289548833185
0.558297261265321
NaN
NaN
NaN
2.25061431507162
NaN
0.286318797474063
-0.594756343218215
NaN
NaN
-0.969149283415392
-1.03765532450912
NaN
NaN
NaN
NaN
NaN
NaN
NaN
NaN
NaN
0.260111186004657
1.76922014222877
NaN
0.266276792131811
NaN
NaN
NaN
-1.20363937781616
NaN
NaN
0.643920523940888
NaN
0.670593268976217
NaN
0.642825046729328
0.381995888085452
1.24489533857391
NaN
NaN
-0.527047135818784
NaN
NaN
0.313579896586348
NaN
NaN
NaN
NaN
NaN
NaN
0.580807759108703
NaN
NaN
-0.861209824787449
NaN
2.49925234979415
NaN
-0.288726745099899
NaN
NaN
NaN
NaN
NaN
NaN
NaN
NaN
NaN
-0.809476757410677
NaN
-0.0115752170798051
NaN
-0.894013429406872
NaN
NaN
NaN
NaN
0.799252772911079
NaN
-0.769156026029902
-0.531215233964838
NaN
-0.247382003871905
-0.447022094077598
NaN
0.0340501433746237
NaN
-1.1066129468495
NaN
0.430079848440957
NaN
NaN
NaN
NaN
-0.598221680317281
-0.457800429830091
-0.497178836104187
NaN
NaN
NaN
NaN
NaN
-0.55413985939128
-0.317882774592368
NaN
NaN
0.82820704253786
1.58819365015208
-0.421276315270224
NaN
-0.499304419670849
NaN
2.0720197380603
-0.662523736569193
NaN
NaN
0.0728909959843437
0.0766461595725679
-0.12168528895133
NaN
NaN
0.0057262343029843
0.149062969895248
1.33639483659704
-0.262835744226458
NaN
0.299376443659591
NaN
-0.627232090327133
-0.390053351088522
NaN
NaN
NaN
NaN
0.19652718609355
-0.370673066574338
NaN
NaN
-1.14143549413679
NaN
NaN
NaN
NaN
NaN
NaN
NaN
1.21317206628417
NaN
NaN
NaN
NaN
NaN
-1.17545853556561
-0.441371950068876
-0.2557911073642
-0.926867702805765
NaN
NaN
-0.445179738130088
0.622332934815966
-1.81361544718011
NaN
NaN
NaN
NaN
NaN
NaN
0.0694764179006448
0.408034013590719
NaN
NaN
NaN
NaN
0.847518430840103
NaN
-0.564685250328727
0.245649795043091
NaN
1.62294136015227
2.02609616363528
NaN
NaN
0.511816762599557
NaN
NaN
NaN
NaN
-0.895582192757847
-0.308465008417877
NaN
NaN
NaN
NaN
NaN
2.45713608956177
-0.188893343492763
-0.95398313854596
-0.960286873171838
NaN
0.349264390761229
NaN
NaN
NaN
NaN
NaN
NaN
NaN
NaN
-0.59417166993286
-0.229161007833858
NaN
-0.419853426132384
NaN
NaN
-0.681891856771707
NaN
NaN
NaN
NaN
NaN
0.760486198962027
NaN
NaN
NaN
NaN
NaN
0.834494966588083
NaN
-0.213705583820604
NaN
NaN
NaN
-0.65582622925658
1.57752034370802
NaN
NaN
0.376525625927118
NaN
NaN
NaN
0.0348102607329991
NaN
NaN
-0.381538281412077
NaN
NaN
NaN
1.37045328957559
-0.338623422040234
NaN
NaN
NaN
0.427900004465305
NaN
0.189132589656394
NaN
NaN
NaN
NaN
NaN
NaN
-0.0437145158456126
NaN
NaN
-0.685787161701391
-0.69189652725554
-0.677012572667907
NaN
NaN
NaN
NaN
NaN
NaN
NaN
0.400452887977045
-0.379604573795584
NaN
NaN
NaN
NaN
NaN
NaN
-0.416838550638315
NaN
NaN
NaN
NaN
NaN
NaN
NaN
-0.598798171999121
-0.244726566529953
NaN
NaN
NaN
-0.784435144099246
0.165447954563686
NaN
0.0139803895597727
NaN
NaN
0.486081086202676
NaN
0.056336879675843
0.310122923465564
NaN
NaN
NaN
NaN
0.583251746230582
0.248948023255102
NaN
NaN
-0.690056152038599
-0.0642309893045405
0.616561572109538
NaN
NaN
NaN
0.979443245519602
-0.412085981287101
NaN
NaN
NaN
0.382115673772332
NaN
-0.157068319311026
NaN
NaN
NaN
0.407673168475437
NaN
0.32704210404498
NaN
NaN
NaN
NaN
NaN
NaN
0.974550319540673
NaN
-0.822871461797203
NaN
0.208628138152583
NaN
NaN
NaN
NaN
2.21775204908632
NaN
NaN
NaN
NaN
0.307008898376983
NaN
NaN
NaN
NaN
-0.207241697486006
NaN
NaN
NaN
-0.282288806212421
-0.396436656376393
-0.947119875127954
-0.269155653080452
-0.606405946171536
0.602219504874561
NaN
-0.606484286124037
NaN
NaN
-0.107458152017697
2.09325597770069
1.32657597136499
0.317794589875141
-0.516855662947933
NaN
-0.613065104742873
NaN
-0.423263404567913
-1.39256234474635
NaN
NaN
NaN
0.0423848551149557
NaN
NaN
NaN
NaN
-0.46341542298438
NaN
-0.226613991210802
NaN
1.05437545215964
NaN
-0.511567774365839
0.435021196870172
-1.50969916165527
-0.60095591410601
NaN
NaN
NaN
NaN
NaN
NaN
NaN
1.39102735037986
NaN
NaN
0.0668122277710277
-0.190702396928153
NaN
NaN
NaN
NaN
-0.839270186593383
-0.0769003301599068
NaN
-0.075195232527297
NaN
0.134961095989778
NaN
NaN
NaN
0.744169371381807
NaN
NaN
NaN
NaN
NaN
NaN
NaN
-0.430091853387171
NaN
NaN
0.183658808278422
NaN
NaN
-0.173237869689253
-0.5224507523705
0.485143937898076
NaN
-0.652337122495583
NaN
0.376939361518715
NaN
NaN
2.20165081022503
NaN
NaN
0.588264229814313
-0.211303685922529
NaN
-0.865033251995784
NaN
0.830802164920885
NaN
1.64432262173389
NaN
NaN
-0.770602854904648
0.974082551772999
NaN
NaN
2.24621790544493
0.693371654036842
NaN
NaN
NaN
NaN
-0.800948611309342
0.772946498965994
NaN
0.311988085601724
NaN
NaN
-1.84925415816161
NaN
NaN
NaN
-0.813583323590053
-0.835289724242725
1.14483968101815
NaN
NaN
NaN
NaN
NaN
NaN
NaN
NaN
NaN
0.758070003424617
0.229018684817862
0.0742430693917861
-0.182467492862354
NaN
-0.826350956936205
NaN
NaN
NaN
NaN
0.108044142812736
NaN
1.34954206166633
1.57522843003754
NaN
0.101559874574227
-0.570799597936336
1.56315066521275
NaN
-0.209851430697162
NaN
0.0773594284641166
-0.642181610445894
1.89891170965447
NaN
0.0432866102272423
0.775455626651411
NaN
NaN
-0.0210485401449847
-0.740280745814799
NaN
0.0449479186246122
NaN
-0.596880818439746
NaN
NaN
NaN
NaN
NaN
NaN
-0.280543378216461
1.10980546519111
-0.741019291884404
0.762054069400044
NaN
-0.419230721287578
NaN
NaN
0.653168680342105
-0.416519438837772
-0.710767236921764
0.330667080667374
NaN
NaN
1.23222302981621
NaN
0.110967124201936
NaN
0.341026499917614
NaN
2.21326682670922
NaN
-0.605784848285697
NaN
NaN
NaN
-1.10851610096777
NaN
NaN
-0.706554330233416
NaN
0.394226969522454
NaN
NaN
NaN
NaN
0.750572941993732
NaN
NaN
NaN
0.613649815488505
NaN
NaN
-0.0049930468283798
NaN
NaN
NaN
NaN
0.0292213686996361
0.0201380787961475
-0.58654760010699
0.654386030660712
NaN
0.0128579519366375
-0.286755813929276
0.0235100819201361
0.347448987978619
NaN
NaN
NaN
0.686550136682449
NaN
-0.526659494770677
-0.188602716759692
NaN
-0.942247103239575
NaN
NaN
-0.642683466424746
0.527312023310323
NaN
0.642685997073109
NaN
0.500669224130451
NaN
NaN
NaN
NaN
NaN
1.60332975752424
NaN
0.0490986875401225
-0.636530287140799
0.862507478684684
NaN
NaN
NaN
NaN
NaN
1.38394834646504
NaN
NaN
0.720865532318789
-0.560505507004181
1.47467067413469
-0.717212561921539
NaN
0.469124325579344
NaN
NaN
NaN
NaN
NaN
NaN
NaN
-0.430620832570427
NaN
1.95058808484077
NaN
1.58635015589182
NaN
NaN
-0.722375460263855
0.518542668632377
NaN
NaN
NaN
NaN
NaN
NaN
NaN
NaN
NaN
0.459515788484529
1.0759934453594
-0.166719397640543
-2.24011528201946
0.0392139098047646
NaN
NaN
0.697866052410965
NaN
NaN
NaN
NaN
0.633852367231915
0.467559197562999
NaN
-0.542341405668625
-0.141735888779863
0.438190408357092
1.91411547634714
NaN
NaN
NaN
NaN
NaN
NaN
-0.930218909937045
NaN
0.707436655714327
NaN
NaN
NaN
NaN
NaN
NaN
0.47741219033481
-0.280552581903276
-0.759063221858706
NaN
-0.283345475487834
0.0923386470340136
NaN
NaN
NaN
NaN
NaN
1.39616859697563
0.153878523835497
NaN
0.198784848000123
0.123382313778001
NaN
-0.956704216373707
-0.0405244845811893
0.635611962408791
-0.184025892942899
NaN
NaN
0.690921153095887
NaN
NaN
NaN
NaN
NaN
-0.338743596774909
NaN
NaN
NaN
-0.361989218056673
NaN
NaN
NaN
NaN
NaN
NaN
-0.483857643258495
NaN
NaN
-0.1295952574152
0.466220619635856
NaN
NaN
-0.700660235640937
-0.791836894185286
NaN
NaN
NaN
NaN
0.53726495283223
NaN
-0.704911085768815
NaN
-0.622337444581173
NaN
NaN
-0.484465496374468
NaN
-0.884967049351182
NaN
NaN
0.0768114005084932
0.352650401452347
NaN
0.281843572914652
1.26783847792001
-0.341431239045644
NaN
-0.239747006658582
1.90162974378743
0.370370181263578
NaN
-0.0791085792116015
NaN
NaN
NaN
NaN
-0.335793351608983
-0.659165492423666
NaN
NaN
0.445746296632092
1.76617949356702
-0.520299859547938
NaN
NaN
NaN
NaN
-0.28196086983716
NaN
NaN
NaN
NaN
NaN
0.197200587106708
0.450304832017003
NaN
NaN
1.4514408185075
-0.841000198254657
0.0847426521851892
-0.647894029293338
NaN
NaN
NaN
NaN
NaN
NaN
2.28651850496345
NaN
-1.08951791865206
NaN
NaN
0.687801222141677
1.74751069804894
NaN
NaN
NaN
0.457497423755765
NaN
-0.786114027426142
NaN
NaN
2.08324194998555
0.0624392023356281
NaN
-0.384021334333031
1.15472352769938
NaN
NaN
NaN
NaN
NaN
NaN
NaN
NaN
NaN
NaN
NaN
NaN
NaN
-0.750438253426186
0.105146319400444
NaN
NaN
0.439552464179356
-0.58011009520654
NaN
0.646873938436228
0.300918245219019
-0.554548251142696
0.348953797339924
0.987105506627059
0.97189490910954
-0.0434737466008029
NaN
NaN
NaN
NaN
0.242813008357008
-0.615553402528614
NaN
NaN
NaN
NaN
NaN
-0.540806983920247
0.54923892464652
0.256189580278416
-0.210982831780995
NaN
NaN
-0.716357928181852
NaN
NaN
2.17823683445554
NaN
NaN
2.19344065134307
-0.0917059634055765
NaN
NaN
-0.750387753773318
NaN
NaN
NaN
NaN
NaN
NaN
NaN
NaN
-0.272969528503835
NaN
1.25790304180714
NaN
NaN
NaN
NaN
NaN
NaN
NaN
NaN
NaN
0.273822590745113
-0.846931829010646
0.104887981503398
NaN
-0.563549819640653
1.78807698443063
0.559267444209024
-0.224980129093598
-1.48753842607623
0.323372545570165
NaN
NaN
0.557511843425883
NaN
1.08660851322143
NaN
1.22788878887402
NaN
NaN
NaN
-0.491445688042252
NaN
NaN
NaN
NaN
-0.434049183501641
NaN
NaN
NaN
NaN
1.32134860467136
NaN
-0.172977964641321
0.574293335100994
0.51389542933871
0.755807908274282
-0.607482535713507
NaN
NaN
NaN
-0.329156061012228
NaN
0.319650948830318
NaN
NaN
0.559837049705695
NaN
NaN
-1.15758812541456
NaN
NaN
-0.0820476006682398
NaN
-1.79011910072084
NaN
NaN
NaN
-0.961114337289342
NaN
NaN
NaN
NaN
NaN
0.721854963475398
NaN
NaN
-0.643203986139021
NaN
NaN
NaN
NaN
NaN
NaN
0.839261404607332
NaN
NaN
0.138761686127545
NaN
NaN
1.84627418388727
NaN
NaN
-0.101246588428777
NaN
-0.361257693637343
NaN
NaN
NaN
NaN
-0.091499322528882
NaN
1.50861152193608
NaN
NaN
0.709783743757963
-0.576840968791265
NaN
0.505311157881643
0.264394949348852
-0.608681083259591
-0.743689770904959
0.0216470829263959
-0.22791391264901
NaN
NaN
NaN
NaN
0.231998289386795
NaN
NaN
NaN
0.0669317005781489
NaN
NaN
NaN
-0.660962659683972
NaN
0.32785372601962
NaN
-1.47567080691024
NaN
NaN
NaN
NaN
NaN
NaN
-0.441282250239475
0.0536142849580478
1.84572975460158
NaN
NaN
NaN
0.207131547747821
NaN
-0.535871879974097
NaN
0.320416559508744
2.20640596908868
NaN
0.328519202363986
NaN
0.612668308554801
1.37930970727752
0.535782603960419
NaN
NaN
NaN
-0.255224643459343
0.125293014181159
1.42024716590824
NaN
1.41665589588074
NaN
-0.284213298866758
0.671987359125802
NaN
-0.448175681585378
NaN
0.0807249455801971
-0.32871468932263
NaN
-0.638563326999602
0.382568842697733
0.928352623290203
NaN
-0.87784694598543
NaN
NaN
-0.579992750900588
NaN
NaN
-0.518519489746017
0.893897559365515
-0.198231133043195
NaN
NaN
NaN
-0.721957329739106
-0.468707944925848
NaN
NaN
-0.346686771318117
0.492208230059189
NaN
0.144031769347714
NaN
0.704843410731278
NaN
NaN
NaN
NaN
-0.446848455849624
NaN
NaN
NaN
-0.110735469276862
NaN
NaN
0.619027139872727
NaN
NaN
0.420800000097691
-0.61914387197175
NaN
0.278666184699808
NaN
NaN
-0.948517594326924
NaN
NaN
0.759881970107054
NaN
-0.285692308128108
NaN
-0.172815177695271
NaN
NaN
NaN
1.94470663310691
NaN
NaN
1.18347847360119
NaN
-0.849803532144835
NaN
NaN
NaN
NaN
NaN
NaN
NaN
-0.436649942427887
0.508687430080665
NaN
NaN
NaN
NaN
NaN
NaN
NaN
NaN
NaN
0.112533858743756
NaN
NaN
NaN
-0.6574461878676
NaN
NaN
0.276053354132963
NaN
NaN
-0.608452272826638
-0.558323341033328
NaN
NaN
NaN
NaN
NaN
NaN
0.548972696038428
NaN
1.53714309383466
0.833981687387143
NaN
0.176898304504962
-0.683027247837645
0.0678460716943026
0.300299089670654
1.17467114678784
0.861299049506625
NaN
0.5182068944148
NaN
NaN
0.438704027307967
NaN
0.232566328885239
NaN
NaN
-0.474054464499313
-0.418198570445029
-0.0949998935446097
-1.02850881849381
NaN
NaN
NaN
0.802872375276656
NaN
0.924530622118597
NaN
NaN
0.623832093653955
-0.411036248105918
NaN
-0.487614540044753
NaN
NaN
-0.184109237385716
NaN
NaN
-0.51086054681979
NaN
NaN
NaN
-0.629892290305896
NaN
-0.614263755373431
NaN
NaN
-0.442275895288202
NaN
NaN
NaN
-0.589941100568692
NaN
NaN
NaN
NaN
NaN
NaN
-0.562586758378443
NaN
1.25674187406628
1.51519589784149
NaN
NaN
NaN
NaN
0.0470799978846513
-0.217340560022027
NaN
-0.178654583124173
-0.104024299309126
0.548710707402844
-0.375645986930346
NaN
NaN
-0.239007789301156
NaN
NaN
NaN
1.38725933059495
NaN
1.61334193656376
-0.176441468962106
-0.0849065987942535
0.604209476065354
NaN
0.502030817418256
NaN
-0.247208713658035
0.839469958366913
0.590167380135168
NaN
NaN
NaN
NaN
-0.690812357381271
NaN
-1.04151150233834
NaN
NaN
NaN
NaN
1.84963313923688
-0.758591427165463
NaN
NaN
NaN
NaN
NaN
NaN
NaN
-0.351095253335919
NaN
NaN
-0.535610430097802
NaN
NaN
NaN
0.297795588323099
-0.529799283796546
0.519695560059577
NaN
-0.798405834582936
-0.515499856691637
NaN
NaN
0.663771916697033
NaN
-0.79832910579503
NaN
NaN
-0.864214601003868
2.12905748868505
-0.926871420706045
NaN
0.0261795193424514
NaN
NaN
-1.08555921488527
NaN
NaN
NaN
0.739530104919623
-0.353313892089854
0.358570743876413
NaN
NaN
NaN
NaN
NaN
NaN
-0.271260296678526
1.61708604848759
0.661680529427562
0.126491317284594
NaN
-0.518184846947477
-0.836750549715232
NaN
NaN
NaN
-1.39478882432611
0.0815106814311316
NaN
NaN
-0.429663469641979
NaN
NaN
1.24558644731447
-0.00461758313095097
0.287805285904397
-0.156390001954772
0.909605042165604
NaN
NaN
1.88323902089982
0.5782753506116
NaN
0.482621932504291
-0.462571475001026
NaN
-0.553497363690671
0.598719298155082
0.688783707797858
1.8473692246132
NaN
NaN
NaN
NaN
NaN
NaN
NaN
0.225946909747796
NaN
NaN
NaN
NaN
0.867286063756929
0.80184772264696
NaN
0.00662396662780346
-0.701183971366987
0.284836051293501
NaN
-1.12167094323962
NaN
-0.348974989941719
NaN
0.28722997109141
-0.503267864862655
0.567735748273928
NaN
NaN
NaN
NaN
NaN
NaN
2.24940049432786
NaN
NaN
NaN
NaN
2.18867821216087
1.94113862905029
NaN
0.441706412218314
0.631880955810934
0.460365393772232
-0.82984191102241
1.18247253505737
-0.527187449396998
NaN
NaN
NaN
NaN
NaN
NaN
NaN
NaN
NaN
NaN
NaN
NaN
1.5360332531996
0.59674140483286
-0.536526401587232
1.38963341770321
NaN
0.760078452625252
NaN
NaN
NaN
-0.42754863427069
NaN
NaN
NaN
NaN
-0.616291527425201
NaN
-0.30927804540492
NaN
NaN
NaN
0.819335351987831
-0.766890431136484
NaN
NaN
0.946567019287498
NaN
-0.447534171692663
0.34837562161979
NaN
-0.476676029040378
NaN
NaN
NaN
NaN
NaN
-0.0777120606488334
NaN
NaN
NaN
NaN
NaN
NaN
-0.548084053809833
NaN
NaN
1.2220395530379
1.21633003852781
NaN
NaN
NaN
NaN
0.0296114180444692
NaN
0.248136738259185
NaN
NaN
-0.714594204777169
0.397702934488897
NaN
NaN
0.353455023976679
NaN
NaN
NaN
NaN
NaN
NaN
NaN
-0.411317050854419
-0.583003433419473
NaN
NaN
-0.510042219442971
NaN
1.02823269278187
-0.714295573350555
NaN
NaN
NaN
NaN
-0.285494042539825
NaN
-0.467400474813968
1.4991565688322
NaN
NaN
1.01040133554937
NaN
NaN
NaN
0.567950565956507
NaN
-0.572943681588029
NaN
NaN
NaN
NaN
0.326246021548567
NaN
NaN
NaN
NaN
NaN
NaN
1.04840323440017
NaN
0.45939543687301
NaN
-0.620253115980715
-0.194565963115762
0.470780581440031
NaN
-0.259846388260313
NaN
NaN
-0.476685161678317
NaN
NaN
NaN
NaN
NaN
NaN
1.37620269958102
-0.577644898506361
NaN
0.755471791061239
0.204519582621339
-0.65739195909464
0.97674085051094
NaN
0.509013562929985
-0.360178015414656
NaN
NaN
NaN
NaN
NaN
NaN
0.209401357627902
NaN
-0.113006450181922
NaN
NaN
1.10533497353382
NaN
NaN
NaN
NaN
NaN
NaN
NaN
-0.484040057699227
NaN
NaN
NaN
NaN
-0.817007943539449
NaN
0.30003714042019
NaN
NaN
-0.111694456547399
NaN
NaN
NaN
NaN
NaN
NaN
0.0953096969580022
NaN
NaN
NaN
NaN
NaN
-0.898892870450973
NaN
-0.824951149654423
NaN
NaN
NaN
-0.143267036871633
-0.50289139169911
NaN
0.0268061225744312
NaN
-0.646217162977417
0.690185170679415
NaN
0.337850338819467
NaN
0.94865876865313
0.536113717305021
NaN
NaN
NaN
-0.544243952392073
-0.613125828388288
NaN
NaN
NaN
0.868590589154964
NaN
1.28895402156806
0.600344345151301
NaN
NaN
NaN
NaN
NaN
-0.778914192535975
1.61125040063221
NaN
-0.74666711681183
-1.65857922955959
0.261293876892766
NaN
NaN
NaN
2.02781713611119
0.855010021946288
NaN
NaN
NaN
NaN
NaN
-0.123099050066875
NaN
NaN
NaN
NaN
NaN
1.07504493200217
0.27076893502284
-0.10005144644222
NaN
NaN
NaN
NaN
NaN
NaN
NaN
NaN
NaN
NaN
NaN
0.227327169921263
-0.0940798971679858
0.240672366044404
0.510959987143253
1.101817529367
0.19285081397547
NaN
-0.514698850326052
NaN
NaN
NaN
-0.424212602933202
-0.383070709332685
NaN
NaN
-0.744396682073273
-0.366454329265113
NaN
NaN
NaN
NaN
NaN
-0.907406089829826
NaN
NaN
NaN
-0.240272604417476
NaN
NaN
NaN
0.751834346526531
-0.258757493585955
NaN
0.306031171521451
2.19124685102723
0.377082546924096
0.918583399481218
NaN
NaN
NaN
NaN
NaN
NaN
NaN
NaN
NaN
NaN
-0.482189073792632
NaN
NaN
NaN
NaN
NaN
-0.656252025279063
NaN
-0.653101216012314
-0.56291502241595
NaN
-0.597112107930869
0.227204827486817
0.234934935108132
-0.0909171679075145
NaN
NaN
0.719582179629184
NaN
-0.726251226109752
-0.392600003614113
NaN
-0.690138317786357
0.801132492064435
NaN
NaN
NaN
-0.262328232980115
NaN
0.253702416530866
0.584687801789413
0.531716580137206
-0.396310427854201
NaN
1.13909427106275
NaN
0.548598427152314
0.105297354037021
NaN
-0.661995094933373
NaN
NaN
NaN
NaN
0.346649983613212
1.0578016654163
NaN
NaN
0.222133282969804
NaN
NaN
-0.262495400752555
NaN
NaN
1.40365790516374
NaN
NaN
0.68694745607635
-0.73463072896182
NaN
NaN
NaN
NaN
-0.569997808129593
-0.503278396182054
0.305859210588847
-0.240411306553298
0.192501427109452
NaN
NaN
NaN
0.151292779032752
2.16681538218421
NaN
NaN
NaN
NaN
NaN
-0.811266820404778
-0.952458603894687
NaN
NaN
NaN
0.688523727745162
-0.817211320571595
1.7328183809883
-0.653926866637786
0.413958969888184
-0.285246597419579
NaN
0.580836438293176
NaN
-0.752395245806106
NaN
0.290559898761287
NaN
NaN
NaN
NaN
0.384253696969658
NaN
NaN
1.6758568341934
NaN
-0.33640892150814
NaN
NaN
0.651995940235516
0.851967210281909
NaN
-0.224623734046409
-0.44307070567254
0.807421200703329
NaN
NaN
NaN
0.967618491546298
0.57329117111955
-1.10864249843223
0.749986617020617
0.0942725002355212
NaN
NaN
0.151880111964858
NaN
0.966645135600545
NaN
-0.449876350061683
NaN
1.34068927175603
NaN
0.865784600285663
NaN
0.560018264353986
0.495680987403518
-0.220131773076349
NaN
NaN
0.713937892237839
-0.860115381554892
NaN
-0.126415175997358
0.217460543383494
NaN
2.51874006216739
NaN
-0.242564002588887
NaN
NaN
NaN
NaN
2.07611045045027
NaN
0.755850207248367
NaN
NaN
NaN
NaN
NaN
-0.269547964650831
NaN
NaN
0.676218419097766
NaN
NaN
NaN
NaN
1.16110414306935
-0.618250714301678
-0.843276720472566
NaN
NaN
0.408874830135634
NaN
-0.216333562186658
-0.837163442368619
NaN
-0.648016426902837
NaN
NaN
NaN
NaN
NaN
NaN
1.07968810294649
0.100791901978462
NaN
0.19822402853464
NaN
NaN
NaN
NaN
-0.534778980988977
NaN
NaN
-0.391850151828876
NaN
NaN
0.159901832203088
NaN
NaN
0.0422763585149518
NaN
NaN
-0.776587748622025
-0.277068608532349
NaN
0.515493224476033
0.0732887401922007
NaN
NaN
-0.924475440925429
-0.198750454383891
-0.76459721124781
NaN
-0.0475151562211243
-0.390136900008547
0.45904880250597
NaN
NaN
-0.700385272664791
-0.476896699269713
