V1
-0.429303430542901
0.468214571771955
0.0612898812020496
0.993024338037362
1.31590531353687
-0.574453575258094
-0.206325024354539
-0.965373012107111
-0.0226934627813243
0.720861492328053
2.23711029778777
-0.892044555292829
-0.760084136122843
0.5699557436806
-0.261565356335006
0.678833508918894
0.897159882277769
0.32884325683471
-0.813166976119906
-0.296651324565196
-0.359570393386234
0.28745426619469
1.50032799050341
-0.087279217221419
0.181441472670828
-0.114450569743094
0.448994019814748
0.411304817138072
-0.750866793579369
0.363315443798062
1.33789442804582
1.35372930616177
-0.617351003283551
0.126089945153215
-0.145231791532584
0.334676466011148
-0.405600850917172
0.608316881905746
0.493685133655903
0.377161431735878
0.0733791078768035
0.0759784882710097
-0.549951141065777
0.26668412490589
0.946709233409341
-0.61182815862238
0.192064550402035
-0.614036619654588
-0.47520415671447
0.822103481586173
-0.472761793692685
0.0272393901631979
1.97908721891838
-0.426514571762393
1.20357045430866
0.31040629613641
0.865796261371454
-0.499424087191887
-0.550930040938508
0.0302650910641017
-0.727817686243149
-0.401653798225119
0.0242773159817539
0.273082076935365
0.285771415768585
0.194465797604122
0.33103256525473
0.42303860987679
-0.443491336898971
0.89434558100177
-0.0185552382512204
1.31463161942445
0.857713757400029
-0.656947584024239
0.173478465913522
0.921286448723172
-0.434915108574449
-0.0795386904924255
0.758192176311464
0.0719392788247188
-0.0660549648532728
-0.728682189632501
0.218411484397085
0.474035276873777
-0.775909663574151
-0.00185031006446346
1.1758150110933
2.21679957793433
1.43661264592666
0.261673871653396
-0.437960030104011
0.037058189793807
-0.155369483726869
-0.905187300425517
-0.960038633515689
0.226476836183569
-0.314064844126251
0.772702546104151
-0.569736552104907
0.00594500244770338
0.631171424702256
-0.683310643977153
-0.155662052043407
2.20058901888453
0.267306288202838
1.6957743218975
0.653672453827211
0.281316072493593
0.660519211020944
0.636070502099876
1.70176456036656
-1.03100325242949
-0.128681268828243
1.21358470085866
0.584846522776954
-0.323706929443313
0.740858433019635
-0.106744603069744
0.715705771621311
0.394148380649744
1.30841594346123
-0.253403347353805
-0.640689401372956
-0.366173292350157
0.344409127109175
0.59051366624757
0.3397125955778
0.511214477856726
0.107752425929956
-0.655835314171393
-0.456566404424696
0.824419856059652
-0.212947089406154
0.639854224641415
0.427504475999863
-0.829768591457352
-0.824354260808092
1.64696979193675
2.56924853771235
-0.268497079300855
-0.130236984291981
0.218936222798511
-0.235994613093933
-1.84839022133615
-0.589742832826264
0.23452993115447
-0.465675599302004
-0.495940897079412
0.202549424239566
-0.537152061285227
-0.813200863520001
-0.689424855577212
0.031672389622399
0.421418330901456
-0.86204648982963
-0.826018503695331
0.183862276731698
0.280006178488062
-0.559683610906417
0.740127899416237
-0.530452647752058
-0.755398067911612
-0.571303420668845
0.225703316238525
-0.227497978615698
-0.347106623644875
-0.210367649140645
0.0671900083927926
0.396490918097326
-1.01531239378115
-0.933682370231846
0.613124460529581
-0.783004630805844
-0.560039253010997
1.27413308040355
0.263566501167295
-0.576235534466572
-0.511267503128403
-0.620789752656216
-0.475852412602697
1.93133112470431
-0.23931283713771
-0.0207465428436294
-0.892322047465134
-0.532804918840213
-0.343209789553613
0.246272154470036
-0.726106704333553
0.647528105134033
1.64569322440311
-0.375488229590919
0.16060445276194
-0.513711679337448
1.2676152836211
2.09488086184764
-0.66399420592393
0.0750983008240116
0.51687772711341
0.129025343202044
0.0827071677172188
-0.0374526543465305
-0.70308145889425
0.922353115489703
-0.133666310224683
0.397715360333344
1.29626542301597
-0.214033021930367
-0.236279914856847
0.322822786728322
-0.824798846104886
-0.665921487247567
-0.414820592022199
-0.263040674705366
-0.101822195747089
-0.264058165903744
0.0993642018471384
0.0175005641948062
-0.428992841493334
1.00667138672367
0.776654464264924
-1.15754615673878
1.66730645706367
-0.373907773886866
-0.5576329266107
-0.404281684675898
-0.251360415187295
0.0976619799349679
-0.203396030576236
1.24875000735137
-0.462045433041235
-0.39481479172633
0.644263164648198
0.115607555071744
0.795375893404048
-1.15036484772296
-0.34446058602821
-0.225459912027499
-0.861340988839247
-0.0531010580764466
2.06229703362785
-0.436901617685658
0.705117404096446
-1.8351353477412
-0.559363206081075
0.357337247518604
-0.443816248158587
-0.591127967830031
-0.704000456976279
0.697237606940906
0.00176350619792587
0.356052586532913
-0.0677624758048519
0.297318212812901
-0.195816107882634
-0.249720328717849
0.65298472307422
0.214593195832259
-0.687123788457306
0.277161556526354
2.24832301364592
1.71519990239766
1.98535925508725
0.470206634327551
0.232797477683978
0.579885505486132
0.467021799804913
0.640977546946524
0.540462995287666
-1.98824906695655
-0.755238937376601
-0.184392101660284
0.517882889375342
-0.0514506256687277
-0.16740030877141
-0.484378441036124
-0.615903127988026
2.34373403524973
-0.153113224940095
-0.825662752183649
-0.853381692721769
0.258301016492788
0.520316022983037
-0.804995635903259
0.389367538299739
-0.817723931236727
0.0970152202924523
-0.458131965216838
0.0957839717394423
0.147498226528261
0.589204193662431
-0.489845600487798
-0.119084381620237
-0.446059059265556
-0.54790551879203
1.59507790712388
-0.90766823347296
-0.663179713998046
0.13041234985399
-0.0193431952370283
1.70118718863082
0.673140324224517
0.973097123397379
0.673517070640171
0.755778383393679
0.831650528722568
0.316570914199284
0.804118613524072
-0.445321430047669
0.807284229786531
-0.733717186803669
-0.196804585099121
0.2997115274152
-0.8669022191
-0.536142919287448
-0.628891416160148
1.50149022946411
-0.321338226111645
0.27503668919256
0.363787265096474
-0.399516018213481
1.52600449323038
-0.440424495451474
0.318747877423889
1.02853283623238
-0.611755565620298
-0.421795772030384
1.34862401155764
-0.0811726925106039
-1.07560436089917
1.38570786690535
-0.3754838856114
0.652435598907168
0.985354907265946
1.43387886362249
0.248228818903194
-0.310714323334895
0.135764088820672
1.53570395578535
1.46278464626062
-0.423748040374047
0.130676088351294
0.640277191785017
-0.685443728728223
-0.0716222196242193
-0.519032016141894
0.0117698664637717
-0.713624561856691
-0.701019543266235
-0.76857359524439
0.352234891633767
-0.23729865378984
2.12983992746228
-0.454269285967874
0.911737870991558
0.290908226955495
-0.438673002359756
0.487448379707125
-0.349753715098058
0.214675858562201
0.597469717583801
0.606415923492774
-0.63381902895009
-0.414532028467463
0.401840010855082
-0.376431582481101
0.0896614989704487
0.567827949821343
0.361863017022052
0.288297514053898
0.00228057214056843
-0.659156493260148
-0.563046694753925
-0.596596668375113
-0.326286912742192
-0.335696413140425
0.498375751171973
1.89985125667749
-0.826006113071692
0.0847620363824544
2.30253299823463
-0.0630048846183789
-0.371006642848547
0.880916416884337
0.525989828227572
1.33843968252174
-0.0353993558630713
0.28250737907863
0.136762259459126
0.056214987978174
0.400094634983493
1.34798380536398
0.625406548631294
0.0872904196508185
0.683492277676838
-0.4205732921168
-0.567200486103671
0.0317020360543888
0.558545886453208
0.490094721543087
2.33012182448129
1.73527994322714
0.881620438567041
-0.381378620290499
-0.433830497531414
0.490286489888513
-0.608913704211068
0.455618314212612
0.389510712872812
-0.0489682757911578
0.336682867651272
0.463621951168017
1.44164234156576
0.326400245856053
-0.641905361754184
0.341072981671337
0.568142801689093
-0.617613166376176
-0.623428346931234
0.123901410997285
0.0302110876501592
0.311839759835575
1.12181526321842
-0.187654394236196
-0.894578869080463
1.45428232282253
0.14838220487772
0.681270064703111
-0.700104039404576
0.410087512588079
1.68718058513952
2.05759570358588
-0.848278444975191
0.304038011502647
-0.509011225764842
-1.62936775079183
0.309509704186629
-0.199869821910872
-0.753270105562813
0.590686971683481
0.577867748766128
-0.188119877450344
-0.703833778425559
0.448787345728975
0.244829669497533
-0.287720734955494
-0.453146815120201
-0.900718812254356
-0.397635734586451
-0.57060871799097
0.660184693859156
0.76740914533685
-0.717972504231825
0.624434907373823
0.432603711215772
-0.266946750482507
2.19432006709204
1.21279897207084
0.146355206426647
-0.522316620361606
-0.822081435257861
-0.674035324107138
0.0419291611336497
-0.337382361905835
-1.48213296408125
-0.086879444603484
-1.18695869700566
0.425010846942324
0.0740039516636262
-0.899721588007049
0.378406824092595
0.493158465282262
0.250551543721988
-0.429418674166571
0.940051027229565
-0.0479379261151583
-0.134491080645952
0.936490723300306
-0.433228773313159
-0.497672662185241
0.240692707192858
-1.32296460189023
-0.520596127590202
0.149996185973032
-0.233796885554913
2.21293648417125
-0.505962554237311
-0.294013156873719
0.784272231829529
-0.648236254113887
1.37732697501701
-0.74719134673495
-0.897833274834201
-0.00454728199663568
-0.376717228892036
-0.132985671590415
-0.476228125766583
0.231189058456916
0.139918127612776
-0.701006904287806
-0.260779990194313
-0.566512619741392
0.0654834391334843
-0.0184268202706432
0.162697718750506
-0.665639291167355
-0.276153430925678
-0.764925242867979
0.768822220682922
2.11326217853723
-0.480470906944419
0.44377657198881
-0.822001713308067
-0.6977680272703
0.188676857847262
1.25222384893995
-0.498421566588949
-0.644131681100359
-0.589999711477616
0.224771370296076
0.482281171564804
0.0981526235260841
-0.2092159051163
-0.440745216665022
0.353454645412214
-0.505179124380362
-0.446428584202037
-0.639318048979001
0.5399949747833
1.38634358414377
0.548190864160627
2.0144176353611
0.566261826096082
0.189743621237972
0.726000615983509
-0.384353817350915
-0.226319573123559
-0.787045227653834
-0.497987774730053
0.911727058591599
0.234392480356762
1.63414541756171
-0.351715623105581
1.50262222100127
-0.733068826072292
0.961683197873388
2.23676242452471
-0.564494461671737
2.08799925987788
0.597346118658524
-0.546916971132141
-0.200142738045304
0.374714342432866
-0.437606283547504
-0.744455590205917
0.909861533460192
-0.490424093075075
0.302925084033893
0.121822078365996
-0.00380290895084368
-1.86670266590335
-0.589851970344478
2.13304815084008
0.676857018311773
-0.770992203461718
-0.84799615572542
1.08326257855983
-0.471193073919635
0.233050112081842
0.183060469193873
1.72445804615631
0.110963269968319
1.05234057781017
-0.108440833075326
-0.232039189121795
0.209776174334194
0.586120710819622
0.275506961269228
0.174920798411082
-0.244566389206744
-0.579301408251484
-0.708037560385376
-0.330253627936064
2.11808208403238
0.668527169562583
0.836988689463378
0.270067171236581
0.505080137511102
1.23280017761883
1.35985507254981
-0.190763907261217
0.164704387970628
-0.601328329561288
1.54866280482354
0.460437052703449
-0.269039848069081
-0.416755437523091
0.0760473857355715
-0.704756630501884
1.87370320633474
0.0996405329049965
0.0646489192682284
0.655668020860049
-0.15826402800156
-0.33074978929787
-0.0840942531936908
-0.836010498392892
0.317172868991167
0.312764359706705
-0.42764417906635
-0.521817763576107
0.797967978681953
-0.399013445153747
0.720184157299883
1.06581735056481
0.164393530994215
1.27496084631593
-0.390872210612936
0.983355851826765
-0.791106904994456
0.805994651972729
2.12468280673636
-0.362423414066845
0.187157380082231
0.0115163471044395
0.562242343802829
-0.370861670135897
-0.74266627681845
0.569246355756861
-0.676487408366877
0.433853050296306
1.12236971183591
1.54826808763565
0.330616662312332
0.618002399271799
0.397599339289398
0.487591309471014
2.12341674400768
1.02733464859412
-0.523882523751429
-0.417757663184677
-0.752300910027817
-0.621964133165883
-0.951368842414773
0.169634634706482
0.472062191465159
-0.445601829314838
1.7804250076282
0.4305249277296
-0.41820226662599
0.656205857691531
-0.513699769471181
-0.633687582725115
0.691259931859763
0.452972094516575
-0.318009446095733
1.31296095615005
0.636378930619685
-0.621856235972725
0.227385737273777
-0.0634511051962302
0.579183523120401
0.224229144138829
0.293585664135784
-0.678157291653432
-0.073320588591626
-0.0524695279959427
-0.608526337721626
0.585226069481105
0.397556056172141
0.126918922322785
-0.165207014249793
0.0190372282878035
0.281301950510525
-0.77308019756393
-0.143086477471986
-0.710292274367331
0.699369281616867
0.398888574889179
-0.55206631673535
-0.182167189279377
0.537192318918468
-0.874544796711319
2.05634352965581
2.04928365741598
-0.789566502608538
0.502250239980971
0.435574624259867
0.800605105029087
-0.0914866560114416
0.550399229648495
-0.137586588434798
-0.717065916447078
-0.568596699070905
-0.184760958356897
-0.186866657187161
1.36604590967112
-1.53424022649364
0.0360968644099353
-0.563410487478003
0.744594510329376
-0.819488587479795
-0.261459191409497
0.455028284260948
-0.467347472744626
0.00614045651127604
1.33991743232473
-0.532593620558726
0.430633427626233
0.741802935812973
-0.585595429584493
1.4279978073933
-0.846638743516843
0.337832417127986
0.337458380450988
-0.275005968142846
-0.724713973894762
-0.357139642966938
-0.354879487100245
1.80090922226144
0.579052826097642
0.844754628567206
-0.339234205149445
0.674486217844794
2.10607946878196
1.0236121158321
1.59079094912866
1.73789375121721
-0.535513311091895
-0.695808757749951
0.554988806042296
-0.413557739621673
1.56371545074139
1.18783765702886
1.00229933396472
-0.18837663805382
-0.665100702959683
1.13890691303159
1.8117348975899
-0.0178359573403267
0.50608501393256
1.01540410382071
-0.162767443915404
-2.14560963174023
0.190412370863211
0.502887040852485
0.71719817721209
0.648164845167186
-1.99263087167267
0.111150874338609
1.23807487705604
-0.13583258640968
0.531622001477466
0.398777689670906
0.672547415003134
-0.540366500111588
-0.190575727350026
0.372140327321683
2.08551980907859
-0.650191993284219
-0.0603647799443189
-0.541676563171857
0.0382924165303796
-0.705943215089082
-0.44768674768019
-0.795566020385903
-0.725884324121438
0.751648055319376
-0.970947712730153
1.17438965647824
0.558105173631313
0.127060886592186
0.509709866113292
0.198826254684941
0.522016019854131
-0.31664757216431
-0.650792970759564
0.189258964768766
-0.249404705039918
0.125898506236837
0.314400888323591
-1.17903044116002
1.48197180245627
-2.11762753134072
1.61102972890533
1.62949733470954
0.1955700811918
0.475160428938892
0.336280888815313
0.122686017905627
2.24047015731212
-0.774261357642716
0.0481969113044487
0.459385718010408
-0.118563450795626
1.58391172852309
-0.853666152895899
0.734353093053877
-0.280467152772324
-1.0350241385594
0.294886152658306
-0.418310586790054
-0.201516677843789
-0.41372616690445
-2.15127497387203
0.0570629992547554
1.67736594973484
-0.367485006380152
-0.698079494585918
0.815056170883861
1.5758953057516
0.294737384216311
-0.703419198891313
-0.731268369834844
-0.438320971023567
-0.674566226300302
0.645097153241586
-0.144810397022386
0.663546752045474
-0.0351395477779824
-0.600017987935799
-0.823830589947646
-0.776728299091766
-0.431780674380205
2.18190793908197
-0.0880155480969432
0.0312788335299252
0.386602548780249
-1.77174780156977
-0.77635109158912
0.344645036038967
-0.640242198508854
1.02505454793097
-0.553426298481131
-0.496207551208061
0.332382483530223
-0.78751372615504
1.30383392124482
0.379496625742716
0.0416117235804491
0.456832879026443
-0.775626234493475
0.408687562794527
1.26579071144929
-0.475562864923078
0.510033097574702
-0.229107247238218
1.76121071260846
0.16674052594743
0.702885585707277
-0.0397460467685591
-0.294086230641135
-0.0107374988979051
1.37651857270698
-0.752336507263571
-0.350814688377353
-0.675247428368562
-0.677634928658001
0.387851965314012
0.377522783937658
1.71772773906716
-0.515852667508792
0.499800629690804
0.722518246998491
-0.86551421553443
0.764101609911381
-0.122449786916356
0.0900134999493314
-0.301346202773132
-0.186526873123675
-0.0695703510542023
0.844138206884548
0.226623772055965
0.283167987172993
-0.929038856514992
1.65639287130607
1.3636877201106
-0.692776972981762
0.0857950534252847
-0.669336454147701
1.51088816837465
-0.481049523184786
1.6530859880998
1.33966699601802
0.064474546142888
0.153947563561413
2.35014585431631
-0.404210614880283
-0.892206868836733
-0.474440618408326
0.889609193191075
0.593748860828837
1.90551180893022
-0.567883644729283
-0.420465503606902
-0.428796699443577
0.421864012995873
0.296033347974425
-0.61925985602338
-0.00318166330734654
-0.890975159568458
2.26471265851524
0.079784335350839
1.33318689688965
-0.454400092780813
1.21785202273964
0.400219234527338
1.77835830629058
0.709613988642372
0.368509950892322
-0.0697129693353961
0.0277011298388694
0.407027666506466
1.68398510509701
-0.239615407070571
0.513081008625247
1.65564668861809
0.858196427046365
0.53614628140344
-0.700968349895709
-0.00150265834538896
-0.0763800030475736
-0.55234547932294
0.343359456364493
-0.584802840633723
-0.593682527172078
0.484475922431326
0.210841124073503
-0.613667316289958
0.299855156521542
1.10294716699072
0.887975219765551
-0.0976844087880051
0.587525893152444
0.544171153009962
1.77466683836059
-0.0334683319464451
0.117317398835243
-0.554382106543817
-0.299914644921252
-0.14391839173447
-0.725649876586026
-0.739835280763923
-0.303313284559694
-0.706580593944802
0.553447983101251
0.286234033095715
-0.384208629696165
-0.0378481202585567
-0.898561710418656
-0.733342632734196
0.192758248899517
-0.595821810018952
2.12845421921679
0.170638358120195
-0.821098405711699
2.1139522979599
-0.0154106223880402
-0.294310215905049
-0.532814827414976
-0.893762007324924
0.840213695892786
0.45507224752439
1.01771401031685
-0.156587198223635
1.56587065581219
0.00155496171335165
-0.613015261085347
-0.436554765353979
-0.532918699072239
-0.752526908912233
1.24684931140493
-0.298513509836672
0.192843287683266
0.409850273945558
-0.573816143371444
0.166724716947429
-0.289769990412029
0.374638357842476
-0.605006723967921
-0.625308522567289
0.355756862061131
-0.851762775055227
-0.0251671554922449
0.210214888765027
-0.460970692562818
1.78102213025137
0.761049371020098
-0.0774346169948878
-1.59618470588532
0.277490988125926
0.483570011731023
-0.817926643086854
0.787991378670775
-0.879487007255402
1.05665944552555
-0.724660727099372
1.10113904047073
-0.580789986389805
0.339275738783729
-0.782783142167963
-0.511100665698254
1.13322241574397
0.339481297641354
1.24365957291231
-0.531421989440303
-0.654581789938723
1.4270216256329
-0.604467049193712
0.59126812669406
0.729521427440913
1.1374009251762
-0.230432953244018
0.0293847376344552
0.678344134964324
0.504116269159658
0.686123828335713
-0.553093684052497
0.296876981545907
0.49440341124952
0.143782078330106
-0.533506491222664
1.17174452385719
0.268771728090306
-0.660354432066167
1.48285639031866
0.411403321289933
1.20590002325631
0.828907165965193
-1.0099783217851
1.13219104842361
-0.264080454468922
-0.122624612151105
-0.455563392233806
-1.62910679912385
-0.355207320228456
-0.15123280277621
0.476634832578858
-0.927633779251228
-0.635986861545602
0.643004890465429
0.889254346339873
-0.782905092836049
-0.58648224963768
0.590945195271757
-0.472482888732707
0.732475247577292
-0.742624022755175
-0.0600879161788644
-0.719306820445884
1.98608471662046
0.864279486260813
-0.549234097051007
2.03047422594037
0.712630111534736
-0.577402156346877
-0.597721380558018
0.205375634401392
0.676546990807165
-0.466201843549024
1.78699611307851
1.81834928346719
0.453209206865748
-0.140781921497144
-0.590212947412592
-0.389786295494575
1.17456360982961
-0.840650521908522
-0.02511509609662
1.69134941496518
0.00311965914421673
1.55985884616703
1.721334789629
0.872740055347812
0.298726653567595
0.633167456080474
-0.682208267022396
-0.568045851980757
0.522241296538982
0.271365048150693
-0.680700648129108
-0.726911583251103
0.0419749745279113
-0.395726737660253
-0.163405234138971
-0.794124328886636
-1.12760615048483
-0.103355438159298
-0.065160213941635
-0.60203591068465
-0.153652375844674
2.03468280373146
0.0560486795636691
0.690135220259033
-0.0873071130864787
1.14922757147312
-0.71694503703235
0.198782278370073
0.383414957278023
-0.830294689927851
-1.42506037427686
0.799984978028097
1.68949917945722
0.324989210015973
1.30186034405341
0.422993657876507
0.178458682121043
-0.471128804602288
0.0725065638694993
1.91377477491386
0.409395625154327
-2.00719783216176
-0.827084595180084
0.150908166501321
-0.643270251603315
-0.594547476253187
0.0408396333750372
0.375027761716732
2.16136825210182
-0.232021964736495
0.40647881326052
-1.30507023185721
0.609124851995623
1.28586151140377
0.55912120598599
0.0314031903393325
0.107498821586941
1.59254703212868
-0.161991884528946
0.093102643960156
1.17007065630227
0.419119813568325
1.43213985185137
1.34477551844773
-0.42849012294345
0.702914076842822
0.2693302208405
-0.504365593231314
0.776181210312836
0.0750703449164708
-0.393903789623874
1.86338352210064
-0.604612427387275
0.441967840705839
0.899256415686514
-0.47310846943439
-0.840673118266089
-0.23236794524128
-0.71817177216108
-0.499750790065682
-0.370812163167264
1.75235982541689
-0.550098295798755
0.990736217229341
-0.175170168393653
0.0916926534352774
-0.413326233014517
0.486226549930966
-0.743848852596661
-0.437047315861388
0.0989692015841955
0.576975958061805
-0.26272176794121
0.631914622079963
-0.177690400252893
0.244503886356952
-0.68050710565557
0.869651027279651
-0.641382672516453
0.200146834004176
-0.0874607000941264
0.110375013456743
-0.347404957591605
-0.748529812986842
2.06312885483302
-0.828769347527129
-0.1894395031758
1.81170815531145
-0.611652520741033
0.508089140109085
-0.334641027740132
-0.298846034075552
0.454748232230337
-0.6393177614809
-0.666288646202535
0.228286836497525
0.858854929877668
0.336741238737339
-0.85338373164611
0.551882454908382
0.786676948828442
0.680724700610718
-0.41547784218177
-0.356723779229303
1.69246507438681
-0.129282156088806
0.520787469707785
-0.864475611885344
0.677642104495997
1.93726669798773
0.571799078039877
0.556319976585684
1.27299527241219
-0.472845833451265
-0.642382873575215
-0.704949602076694
1.21215884172857
0.470070047835605
0.667175704190083
-0.87260589593598
0.282529862060017
-0.630003227277536
-0.451937737563593
0.412586426317087
0.290472390670212
-0.676416452608599
0.661881778499558
0.705250074638682
0.438669489334375
0.169372247881841
0.511653201726271
-0.728326560327489
-0.211388374217421
0.0684382423250585
1.18003672216392
1.81984335202384
0.221480648029786
-0.593769391807143
0.579559970131527
0.487859644171851
0.355404102647356
0.390297383375471
-1.03842953620885
-0.687593621837315
-0.535190529330894
-0.749656229075142
-0.211716770203752
0.569764317511951
0.775499096024005
-0.547285322864343
-0.659560299197595
0.585506359531558
-0.581132727554804
1.50523756424282
0.870398326365684
1.32831271115883
0.161299244314958
-0.607786195218153
0.0623905638011657
0.289072234973838
1.24695429283266
0.841479493125172
-0.176495805820371
0.465574534244225
-0.420676515909332
-0.019133102203048
0.408564134588766
0.606292859703587
0.187690298362669
2.16759751377659
0.204606704651328
-0.42056352703627
-0.651951452713297
-0.0353660876521211
-0.739745835588926
-0.723843146494461
-0.419598338873285
1.30606982829069
0.780298168296327
0.6107034758916
1.01485722451093
0.729113653196391
0.173639147550542
0.719688840404549
-0.257666836318604
2.01254134063491
-0.481088712485716
0.125079088124304
-0.616171622766137
-0.148799963349586
-0.523841830310662
-1.6189266771862
-0.389367758396641
-0.179204665694697
0.906380704362935
-0.368686320026015
-0.78346407828833
-0.477903460239078
-0.612316569587827
0.341015084054433
-0.526207927818332
-0.503791119119678
0.41229704964764
-0.23126056711951
-0.676962958694175
-0.678876779086952
0.714629690723863
1.55391625121391
-0.0993181948500664
0.606501392790063
1.07840194879353
0.190582339117891
-0.653861246644503
-0.629394858991524
1.20154001270342
1.50071323265768
0.259337142825825
0.812426552974107
-0.256423834873336
0.166192725718209
0.0431557741999248
-0.0175778272036177
0.286218208590015
-0.0298269065102019
-0.0907368608662948
0.572722394831209
-0.472847914689521
1.48569035334287
0.160828931379387
-0.0417064182186581
-0.295034167764478
1.60455488497918
-0.715490519939427
1.23923553664361
-0.181166089379702
1.71357414076216
-0.199356008889481
-0.153535052743703
0.753561513329578
-0.854318439471989
0.497388829328201
-0.363574221356065
-0.0127600762224076
1.01008870832116
0.559390386173666
0.505989311992202
0.178080697331857
1.00667638326722
1.04177946498149
-0.674142776120464
-0.603767981163633
-1.03335576608072
0.924224879988466
-0.551819017422018
-0.434221312905768
-0.572746331939462
2.02957709093111
-0.661542239961542
1.20966241114733
-0.392995343405595
-0.740441674564651
0.761613841235453
-2.31604011590423
-0.412286878812203
-0.313114338243692
-0.342551478372799
0.106007456268476
0.0759602680450127
-0.528005832260438
0.660929686900868
-0.0375849280353073
0.858612029224198
0.408816306697445
-0.413674289835904
0.560988108554583
-0.372638966744726
-0.706387781932784
-0.527317368487735
0.0140068290447855
0.467401233702517
0.659928232549434
-0.755952907624291
-0.73991016489647
-0.425039936966971
1.5074683032168
-0.866158849350678
1.80187921359091
-0.926572099488699
1.96250147593776
0.0395674715489805
0.459126195793992
0.469320725497371
-0.998412220576486
0.63581455531934
-0.414261910356688
-0.475368399975286
0.708680575662813
-0.29961836282605
0.426238303513203
-0.394574549486324
0.396433860686697
1.75542767427636
0.0834440439607725
-0.899322930070599
-0.481773684372905
-0.431578372122031
1.86194818385052
0.612168561237636
0.158338165113521
-0.458096063223558
-0.354014435953652
-0.833462744234643
-0.0301312228791916
-0.187956052797246
0.739029384011388
-1.73938802214608
0.159720568131931
1.27107040521495
-0.86114178770545
-0.397146169985599
0.623777470218018
-0.0710694824140905
1.18456606153257
0.0893603943826405
0.133968927102798
-0.203225161771381
0.981268344935489
-0.487827913708118
-0.989707420701913
1.83236817424904
0.659215010346067
-0.523621801721431
0.324304096403888
-0.588847637797867
1.3599259325344
-0.586865027172092
0.556568997261215
0.598945732233593
1.80877650992704
1.37675225188742
-0.510485092631715
0.615809551791226
-0.93675556426074
0.321602089855551
1.10287843531501
0.127906171186225
0.206569815524074
1.31632224002603
2.00010105312698
0.63123306747715
-0.486053019818769
0.73677314164069
0.908694370218712
0.410110398945429
-0.0794648824796678
-0.693009478650194
0.469355135223861
0.162020836724355
-0.872818200159238
-0.635822479141193
-0.196941055614087
0.423384177372806
0.2783618581783
-0.469913787313632
0.62562116326496
-0.260327180789713
0.503735924086272
-1.52044974681506
-0.600254941282054
-0.500477999522924
-0.0429175095114622
2.18586662094125
1.03995097132806
0.456035127094558
-1.47119701856458
0.480474620981227
2.10983916652671
1.93800416065287
-0.789284057963766
0.364559424349194
0.607097494944021
0.415582229958402
-0.713585384500263
1.18865136326776
-0.465577102940306
-0.475517862330895
0.882709246808019
-0.259763294814709
0.9849704183709
1.30754788143541
1.9922265175134
0.758974916685103
0.289518376539857
0.510806181555776
0.512613623567708
1.29767975311159
-0.134628302199698
1.67386405020635
0.634549833419684
-0.741937108898927
1.37581087737682
-2.03879890365698
0.671209208559703
-0.201284563255811
1.52431103727919
-0.72034918110874
-0.413000075947642
2.19128340228541
0.159393470400291
0.731365644880791
0.013731096323433
-0.699728676818991
1.16780833024548
-0.440202093623791
-0.474221221906747
0.299152463910111
0.258526239532849
0.697117016750051
-0.755674346866432
0.242691639329198
1.08948823865921
0.902143420883474
-0.199694244314414
-0.507516637270907
0.337499714250952
-0.208095373320402
-0.459610953474573
0.385138259880542
-0.965301640920038
-0.769431265411739
-0.0861856931320849
-0.511376352586159
-0.0387530150256446
-0.285872622799485
-0.48399596883366
-0.625866063885367
0.624700852529156
-0.183651437249658
0.295197169013252
-0.486182556971667
0.755438550236902
0.130049313717646
1.42055244251859
1.24034682823754
0.00954383016945715
0.32887225824484
-1.12628480942783
0.431051307296742
-0.162246639925818
1.02837789419949
0.182118220342339
-0.331879203848803
1.81820081300566
-0.830346462958488
0.269538044549132
1.64042663645851
-0.608188081332792
0.471766002484109
-0.505964332912371
-0.402377840093317
1.94952597184626
2.17765427474483
0.220855163851827
0.343365990650413
0.507781286599752
-0.42515278335304
-0.412140099816499
0.489760541980784
0.545396536752879
-0.365785950963412
1.41570827261514
1.10150600304626
-0.825703326674029
0.358737256922419
-0.0513522866350691
0.130437496301825
-0.297511392426845
-0.289525830763048
-0.505464861176572
-0.427998374800375
1.53181565621159
0.049000850342981
0.614420350039399
1.20297071289901
0.789247922030531
-0.434471795395541
1.14018493054943
0.45126922850084
0.685026106063366
-0.643718893729763
0.330768389602018
0.872112243249245
0.00502682310343089
-0.0651972749169321
0.453582301914047
1.96071769663866
-0.0880283677915707
-0.0365997310837671
0.155461994989082
-0.0981117353351438
0.663029045614336
1.07296179760173
1.47221471748842
0.647452833375848
0.0345156504054636
-0.655726995474325
-0.0626714850004642
0.651558591155692
-0.0793739845680944
-0.31054622337223
-0.356575457164983
0.0989362772934662
-0.532159518720649
-0.689782203192424
-0.715431865570733
-0.725954149033698
0.425389150952033
1.82426466224011
0.526073623438125
1.31726914950954
-0.66530410644528
0.530600498278151
0.884214419839522
0.321292891516538
-0.714840272798554
1.02301627815104
0.536155678390622
0.390715401855832
-0.293004617727062
0.0112210290630422
0.743950330799809
-0.140618576184694
-0.122472809140004
-0.38321744916905
-0.724403378291082
0.137140917761179
1.94374134234
-0.116776630656426
-1.46004089498199
-0.450217002034222
1.1220062597832
-0.652493194415648
-0.566511164118412
-0.538939435339205
0.910172620740298
2.00978026977594
1.11293712716102
-0.584034319816123
-0.807594339353564
0.635006097649846
-0.46492989473373
-0.183836963712835
-0.531432821983316
-0.581029679632357
0.956973829689949
0.153894631021098
2.34554744040566
-0.708821042133337
-0.115598920683746
-0.14866870190533
-0.72736785308118
-0.0900917334402693
0.395344450014777
-0.544249971662856
0.244114308804507
0.0745720333209069
-0.754170693171647
0.173841552413901
1.52981020212347
0.960014724434144
0.836112771245364
-0.823990293845023
-0.726644346252415
-0.866937512127254
-0.508100858258326
-0.790571146092024
-0.651150782594063
-0.256238237801815
-0.606080354883758
-0.207775490844304
-0.00451072998171986
-0.365309574976822
-0.79289051688447
0.663179212876603
-0.44824850070604
0.299035958668857
0.533747378268846
0.87360991443754
0.646445491980773
0.398229210119214
-0.804253100554186
-0.62054818724256
-0.50287514534155
-0.566613954198742
0.515550497401933
-0.66243011305129
-2.28089224334867
0.945884180927701
-0.574733478830894
1.37158535604592
0.642964277311584
0.37334990983107
0.0948739509715538
-1.10783554507395
0.344868654445423
-0.185492038818977
-0.614904192060994
1.68640560802679
1.14890187305971
-0.810005045651088
-1.69127890146451
0.0867253776812497
-0.0362402921425434
0.795202206810088
0.180855602567461
2.17122047317845
0.958087419176925
0.421319494851373
-0.0960033713225822
1.85387575301404
-0.485113416253693
-0.843076373930718
-0.148040436955252
-0.193718906326992
1.33837581244401
0.0356708134343805
0.712102598656394
-0.413862672188724
1.12446311638987
0.303319714183597
0.00692462175362385
1.78426230057485
-0.883501541716821
-0.214109635773637
0.483873596669545
-2.06636274335326
0.819567953716702
0.639650089585396
-0.819783004817937
-0.289230360112309
0.532035451471859
2.33015490868313
0.266243668329772
-0.158807411445034
0.335906945972703
0.528273637452217
1.15713403689311
0.289634516357136
0.0393323400038369
-0.500817461008507
-0.543982012058781
0.956442171040377
-0.282484094818217
-0.342080432225142
-0.354447792374877
0.146189156272533
-0.735661226401864
-0.879938459001458
-0.41536554932544
1.83071159488816
-0.865443802761267
2.09047721484865
0.733367234478996
1.92308615034907
-0.885826017471785
0.136920355013894
0.0745255649525276
1.4499684460454
-0.304905492911333
-0.722308548072441
-0.141839758165865
-0.613899478895304
0.643321450165988
-0.279957680938719
0.904712166309124
0.351602370929249
2.26947620968135
0.431702851961142
0.814958094853696
1.1008028124774
0.572341260372607
1.29324578132959
1.41660489787612
0.0110373701782947
0.177187523242084
-0.0854313163396768
0.484422578006631
0.857203182318974
0.658115310633932
-0.531107632353973
0.445740417661971
-0.251845663124958
-0.718741587467816
1.57069954678093
0.612123646204959
-0.585458505841997
0.16003594696643
-0.572698217075368
-0.504124623449042
1.13801949419892
-0.657756855386884
0.197032016214736
0.187460109705639
-0.0278971389192205
-0.390184736421735
-0.403405673551373
0.606811962492465
-0.0322927868279316
-0.685741007480914
-0.440152753538674
-0.444075590796298
-0.62686696232753
0.790215330296462
-0.856756412813189
0.340276888165858
0.152425154743642
-0.234435674830924
2.30793396028444
0.13702233591634
0.733225206500679
0.679428621169188
-0.338046392227512
0.847344317802012
1.12840597798625
-0.833599368743405
0.570197297341043
0.0782126128719121
-0.679951434730759
-0.732742028084836
-0.585513149945899
-0.493672120118801
2.44233300014223
0.31841793067821
0.264142411080354
1.09110389029397
1.03859323661532
1.54750890298301
0.256280928236651
1.18870016655033
-0.796117740750151
-0.284650074824876
2.07239254222452
-0.041240486115443
1.34117233219078
-0.356515848834721
-0.134098991917523
0.685969580384781
-0.731771557145208
-0.678497501872351
1.72875616603474
0.963874965236188
0.505183369356083
-0.672422207656375
-0.446619137976364
0.309132126695883
-0.25071366873641
0.211448030550693
0.315320059059241
0.702920299410076
0.391736946108151
0.240320899081041
2.2050412898055
-0.929160518572904
-0.503388765062353
0.285087340400281
0.26424735433136
-0.0996011813330397
-0.726715543153365
-0.859031014427313
-0.644062584196983
1.6841275703221
-0.0898149694755732
0.648433314990624
-0.662455598500369
1.68332731916246
-0.57914147715272
0.413898633949148
-0.275081260307102
1.7224629751243
0.613973343966562
1.44521130356538
-0.903380731603786
1.71514985053547
0.270691878056527
-0.894602043616481
-0.47394303023298
0.00339977461975735
-0.245897050203755
0.454713276673246
-0.264267855340019
0.370702233540159
1.86785594664878
-1.70889817137845
-0.126370264206147
-0.373667273193185
0.0281193284438954
0.617871598172117
0.754533740211973
-0.585332811707625
-0.157246804484995
-0.362997998262164
0.726965750024108
0.820528667914064
-1.355477791785
-0.553532318800749
0.974518211174539
0.410449474908801
-0.85947380029
0.650695706923736
0.111042028430822
-0.438278460780782
-0.0753466562794159
0.249907976613203
0.869262189772119
0.948091679482787
-0.0607205287430179
-0.264666609783741
-0.133662066568377
1.39000716803915
1.49385606397241
0.984146670920517
0.744412952423321
0.644578611207073
0.370981946596014
-0.289648274265327
-0.451758213318838
0.0463364106115211
0.552729772501327
-0.950411458364975
1.94513596744441
-0.269723178388295
0.237673206931931
-0.0122956948798437
2.49498605020783
0.089970734893776
-0.193175997233398
-0.415954935632234
0.852129411731883
0.601571153772848
-0.859414997078497
2.15207873757597
-0.476056453648397
0.76557555708976
-0.587262487439811
-2.3489680553572
0.45373691325191
0.877313592453647
-0.243121763506274
-0.357592033636457
-0.411822600886056
1.3703264060988
0.774228784546881
0.287392145903794
-0.450664112934047
0.274417756613297
0.794975394138372
1.11724946549926
-0.584470195460426
-0.605329081898188
0.589208609784537
-1.36117419002541
0.316644724224839
-0.340346945096898
-0.203233180264164
-0.731823741331945
-0.220029407581269
-0.575232962979964
-1.12403974114309
0.043980540685619
0.661785142762146
-0.302228283490382
-0.740985759160948
-0.298938849819841
0.981072266121764
-0.0276682301982228
-1.08879799063575
0.215075691693465
-0.471579691286232
0.603972145344671
2.09382003952428
0.409450266350093
-0.483601586766625
1.820362210639
0.0405346194877363
-0.538002347350729
1.79828996424399
-0.551287793103396
0.0454877224609474
0.569553463537234
2.30707539593792
0.0180514552847352
0.632393933067275
-0.425414234229491
-0.731373736018858
-0.481391929784938
0.811254893925978
0.82923167727557
0.0232925192845921
-0.643185866775385
-0.596381582471642
-0.769865832790188
-0.172872378485064
-0.803637948960218
1.32848511992855
0.147179791726067
-0.247373082666842
0.54409060673173
-0.227135335706124
0.981526981049991
-0.827945475412595
-0.494846316941295
